A: 0.00  0.84  0.19  0.03  0.10  0.06  0.04  0.06  0.11  0.18  0.01  0.05  0.00  0.00  0.00  
W: 0.00  0.00  0.00  0.00  0.01  0.02  0.01  0.00  0.00  0.02  0.00  0.00  0.00  0.00  0.03  
I: 0.00  0.06  0.00  0.03  0.04  0.04  0.02  0.00  0.00  0.00  0.00  0.02  0.03  0.33  0.00  
Y: 0.00  0.00  0.07  0.01  0.02  0.06  0.04  0.01  0.02  0.10  0.17  0.00  0.03  0.04  0.00  
G: 0.00  0.01  0.08  0.08  0.11  0.16  0.28  0.40  0.40  0.22  0.19  0.04  0.00  0.00  0.00  
H: 0.00  0.00  0.00  0.01  0.01  0.01  0.01  0.00  0.00  0.00  0.00  0.00  0.00  0.00  0.00  
D: 0.00  0.00  0.00  0.04  0.08  0.03  0.04  0.05  0.01  0.02  0.08  0.01  0.00  0.00  0.00  
F: 0.00  0.00  0.03  0.01  0.02  0.04  0.01  0.03  0.00  0.02  0.02  0.00  0.03  0.02  0.97  
C: 1.00  0.00  0.00  0.00  0.00  0.00  0.00  0.00  0.00  0.00  0.00  0.00  0.00  0.00  0.00  
P: 0.00  0.00  0.01  0.05  0.10  0.08  0.03  0.00  0.00  0.00  0.00  0.02  0.02  0.00  0.00  
Q: 0.00  0.00  0.00  0.04  0.01  0.02  0.04  0.04  0.02  0.05  0.09  0.08  0.00  0.02  0.00  
M: 0.00  0.00  0.07  0.02  0.02  0.02  0.02  0.00  0.00  0.00  0.00  0.03  0.01  0.01  0.00  
V: 0.00  0.06  0.31  0.02  0.05  0.04  0.02  0.00  0.00  0.00  0.00  0.00  0.04  0.12  0.00  
S: 0.00  0.00  0.01  0.22  0.09  0.13  0.14  0.14  0.26  0.10  0.10  0.00  0.01  0.01  0.00  
E: 0.00  0.00  0.06  0.03  0.08  0.03  0.04  0.01  0.00  0.00  0.07  0.00  0.00  0.00  0.00  
K: 0.00  0.00  0.00  0.03  0.04  0.02  0.03  0.00  0.00  0.00  0.00  0.62  0.00  0.00  0.00  
R: 0.00  0.00  0.00  0.23  0.08  0.10  0.05  0.01  0.01  0.02  0.06  0.05  0.00  0.01  0.00  
L: 0.00  0.03  0.09  0.03  0.06  0.09  0.02  0.00  0.00  0.01  0.00  0.00  0.81  0.01  0.00  
N: 0.00  0.00  0.00  0.07  0.03  0.03  0.08  0.08  0.10  0.15  0.19  0.08  0.00  0.01  0.00  
T: 0.00  0.00  0.06  0.04  0.03  0.04  0.10  0.14  0.06  0.11  0.03  0.01  0.02  0.45  0.00  
