A: 0.00  0.83  0.17  0.03  0.10  0.06  0.04  0.06  0.11  0.16  0.01  0.05  0.00  0.00  0.00  
W: 0.00  0.00  0.00  0.00  0.01  0.02  0.01  0.00  0.00  0.02  0.00  0.00  0.00  0.00  0.03  
I: 0.00  0.06  0.00  0.03  0.04  0.04  0.02  0.00  0.00  0.00  0.00  0.03  0.03  0.34  0.00  
Y: 0.00  0.00  0.06  0.01  0.02  0.05  0.04  0.02  0.02  0.10  0.17  0.00  0.03  0.03  0.00  
G: 0.00  0.01  0.06  0.09  0.11  0.15  0.26  0.41  0.41  0.22  0.18  0.04  0.00  0.00  0.00  
H: 0.00  0.00  0.00  0.01  0.01  0.02  0.01  0.00  0.00  0.00  0.00  0.00  0.00  0.00  0.00  
D: 0.00  0.00  0.00  0.04  0.10  0.02  0.04  0.05  0.01  0.02  0.07  0.01  0.00  0.00  0.00  
F: 0.00  0.00  0.04  0.01  0.02  0.04  0.01  0.03  0.00  0.03  0.02  0.00  0.03  0.01  0.97  
C: 1.00  0.00  0.00  0.00  0.00  0.00  0.00  0.00  0.00  0.00  0.00  0.00  0.00  0.00  0.00  
P: 0.00  0.00  0.01  0.04  0.10  0.09  0.03  0.00  0.00  0.00  0.00  0.02  0.03  0.00  0.00  
Q: 0.00  0.00  0.00  0.03  0.01  0.02  0.04  0.04  0.03  0.04  0.10  0.09  0.00  0.02  0.00  
M: 0.00  0.00  0.05  0.03  0.02  0.02  0.02  0.00  0.00  0.00  0.00  0.03  0.01  0.01  0.00  
V: 0.00  0.05  0.32  0.02  0.05  0.04  0.02  0.00  0.00  0.00  0.00  0.00  0.04  0.12  0.00  
S: 0.00  0.00  0.01  0.25  0.08  0.12  0.14  0.12  0.24  0.10  0.09  0.00  0.01  0.01  0.00  
E: 0.00  0.00  0.05  0.03  0.08  0.02  0.03  0.01  0.00  0.00  0.06  0.00  0.00  0.00  0.00  
K: 0.00  0.00  0.00  0.02  0.04  0.02  0.03  0.00  0.00  0.00  0.00  0.63  0.00  0.00  0.00  
R: 0.00  0.00  0.00  0.22  0.07  0.10  0.04  0.01  0.01  0.02  0.07  0.04  0.00  0.01  0.00  
L: 0.00  0.05  0.16  0.03  0.06  0.09  0.02  0.00  0.00  0.01  0.00  0.00  0.80  0.01  0.00  
N: 0.00  0.00  0.00  0.05  0.03  0.03  0.09  0.09  0.11  0.16  0.19  0.07  0.00  0.01  0.00  
T: 0.00  0.00  0.05  0.05  0.03  0.05  0.10  0.14  0.05  0.11  0.04  0.01  0.02  0.43  0.00  
